433
489
247
215
291
209
208
321
453
479
215
422
409
451
457
423
219
445
253
412
251
211
411
258
357
200
232
451
488
390
482
324
456
444
404
271
394
465
442
242
237
276
253
468
462
320
441
455
420
448
391
467
479
467
293
267
390
500
350
392
466
485
437
281
322
270
363
431
307
400
253
237
283
312
279
311
322
365
402
326
221
235
272
353
202
262
374
496
337
467
205
407
378
262
369
397
449
466
285
480
234
216
420
365
297
373
437
206
426
444
363
409
396
429
382
420
437
334
323
407
375
426
256
326
445
297
302
301
282
316
465
460
347
484
467
201
308
288
410
469
337
484
284
429
270
491
459
249
370
203
358
287
239
266
304
307
252
488
265
233
361
395
237
437
415
266
358
438
434
477
437
364
322
470
324
480
245
439
333
210
314
495
255
433
396
202
366
248
214
308
412
411
394
362
361
400
301
405
499
370
376
498
400
467
359
387
489
371
484
453
377
308
400
370
234
276
357
412
454
405
466
440
218
350
271
468
270
434
430
442
399
475
478
264
389
231
313
292
476
399
333
469
486
300
319
406
322
469
379
