282
304
388
298
178
233
495
227
228
329
268
373
334
498
268
228
331
389
243
399
365
170
446
345
370
275
195
438
246
198
357
113
435
112
437
179
117
440
259
207
203
146
219
298
234
477
284
275
214
360
245
149
225
104
193
103
425
152
434
133
453
311
288
391
167
132
405
121
153
333
291
274
200
225
494
459
241
332
141
445
271
271
457
312
343
446
310
159
307
273
465
462
341
115
311
245
193
272
126
310
303
215
466
468
426
158
409
249
389
240
381
127
416
136
369
389
373
421
103
169
139
247
368
486
455
414
411
272
350
382
368
454
349
282
439
261
357
458
294
417
461
266
227
433
149
456
122
163
159
255
198
304
218
423
432
217
159
493
152
448
194
210
161
500
370
174
324
143
258
470
119
326
251
315
379
312
202
491
406
199
198
124
131
111
338
404
317
338
372
447
450
310
296
463
155
462
114
219
206
221
238
377
125
262
108
105
307
353
273
176
265
278
327
482
274
446
289
262
263
460
271
385
375
282
435
260
495
183
407
444
474
132
402
387
251
125
484
207
185
122
102
432
323
278
358
111
310
476
238
